1024 10 27.9 1.61864140562386 25.5 0.900388576380976
1024 20 26.6625 1.11607571427749 25.6447368421053 1.06949216035981
1024 30 26.1666666666667 0.640023147729542 25.5086206896552 0.620290420773886
1024 40 25.96875 0.282381981247623 25.3397435897436 0.15995698523259
1024 50 25.725 1.21867414293841 25.3163265306122 1.22590621026803
1024 100 25.42 0.891178994366453 25.2045454545455 0.882374930788781
1024 200 25.48125 0.508877441040575 25.3693467336683 0.509639576894872
1024 500 25.1445 0.190132410002433 25.1032064128256 0.190092247016865
1024 1000 24.56925 0.79661968132018 24.5485485485485 0.796256290903999
2048 10 27.65 0.619139187366889 25.6388888888889 0.604339587854841
2048 20 26.5375 0.739791637332206 25.5131578947368 0.694756778023374
2048 30 26.3583333333333 0.976909336556802 25.6379310344828 0.958306406762975
2048 40 25.175 0.936972073578858 24.6666666666667 0.943041460922849
2048 50 26.405 0.585007122463763 25.9591836734694 0.572642054577822
2048 100 25.995 0.700404644949381 25.7878787878788 0.709950844072953
2048 200 25.18875 0.684864645994617 25.0690954773869 0.670339641627406
2048 500 24.434 0.606702563040574 24.3927855711423 0.607151593672094
2048 1000 24.622 0.827593700636571 24.6006006006006 0.827743700736274
4096 10 28.2 1.34412301024373 26.0833333333333 1.28420284796932
4096 20 25.875 1.02428837085396 24.8157894736842 1.03983449212193
4096 30 26.025 1.03328852949463 25.3362068965517 0.986783450148572
4096 40 25.64375 1.01435016143342 25.1217948717949 1.02401045599253
4096 50 25.845 0.950561237725727 25.4234693877551 0.946635976687312
4096 100 24.87 0.525420466547189 24.6717171717172 0.519359587227859
4096 200 25.4925 0.531201468371462 25.3881909547739 0.5319734953636
4096 500 24.566 0.762417208620057 24.5240480961924 0.764103668083058
4096 1000 24.425 0.506597144353051 24.4029029029029 0.506073411491528
8192 10 27.475 0.865544144839919 25.4722222222222 0.957427107756338
8192 20 26.7 0.279880927062445 25.6447368421053 0.301963411895763
8192 30 25.3583333333333 0.638502298496397 24.6637931034483 0.665898288865314
8192 40 26.30625 1.46363915748839 25.7820512820513 1.46168840136564
8192 50 25.23 0.541725637815551 24.8112244897959 0.567375078830349
8192 100 25.7075 0.657894368420949 25.5 0.656721038334857
8192 200 25.59125 0.0991946739161607 25.4748743718593 0.0881428617549276
8192 500 24.5675 0.67243710982267 24.5225450901804 0.674902326733222
8192 1000 24.537 0.524303347309552 24.5152652652653 0.523457088951859
16384 10 28.3 0.787400787401182 26.3055555555556 0.828380342457225
16384 20 26.95 1.41598022585063 25.9342105263158 1.38009527686408
16384 30 25.9166666666667 0.419435246403929 25.1724137931035 0.369250078257679
16384 40 26.55 0.956120633950897 26.0512820512821 0.957341266799716
16384 50 26.13 0.631294965395205 25.7040816326531 0.609175981902013
16384 100 24.8925 0.90621465448314 24.6792929292929 0.892568714618249
16384 200 25.27375 0.369805692222281 25.1633165829146 0.370827941850635
16384 500 24.951 0.693059881972691 24.9083166332665 0.692585817854542
16384 1000 24.548 0.726384195863319 24.5242742742743 0.72492212132423
32768 10 28.875 0.499165971062397 26.6944444444444 0.531903948753522
32768 20 27.25 0.835663409114778 26.0921052631579 0.806683760111317
32768 30 26.5166666666667 0.803003620673539 25.8189655172414 0.797526397765475
32768 40 26.11875 0.817357276022345 25.5512820512821 0.74799754593922
32768 50 26.45 0.727644601894817 25.9642857142857 0.612783210058418
32768 100 26.045 0.765876404302068 25.8333333333333 0.757441065467382
32768 200 26.2425 0.59252988672865 26.1356783919598 0.596672393927163
32768 500 25.5495 0.531745239753024 25.5065130260521 0.531066850661464
32768 1000 25.59225 0.592515752251926 25.5708208208208 0.593247376415155
65536 10 30.25 0.925562891794321 28.1666666666667 0.962250448649375
65536 20 29.575 0.793200268952718 28.5263157894737 0.809682860295743
65536 30 29.2833333333333 0.268741924943285 28.5862068965517 0.247059600692006
65536 40 29.375 0.285043856274786 28.8589743589744 0.287438832834192
65536 50 29.07 0.745027963681005 28.6530612244898 0.743895514093092
65536 100 29.01 0.317385149831136 28.8055555555556 0.330554172997806
65536 200 28.20625 0.638414376926668 28.1030150753769 0.644608260966152
65536 500 28.541 0.0301330383466385 28.5 0.0295661936891528
65536 1000 27.68775 0.346822120594021 27.6669169169169 0.346922912656128
131072 10 32.15 0.50662280511902 29.9722222222222 0.656559181527251
131072 20 30.6375 0.889170962188936 29.5789473684211 0.832178331623257
131072 30 31.5833333333333 0.590354570168234 30.9396551724138 0.611927294596652
131072 40 30.63125 0.744248782330211 30.1217948717949 0.735849785526586
131072 50 30.33 0.655133574166366 29.9234693877551 0.640260385389834
131072 100 30.1425 0.807356798447874 29.9393939393939 0.805467153672963
131072 200 29.9975 0.186926901934062 29.893216080402 0.192595219382502
131072 500 29.7875 0.47018117075584 29.7444889779559 0.471711589761193
131072 1000 29.574 0.537499767441809 29.5535535535536 0.537274329755097
262144 10 38.225 0.359397644214129 36.5277777777778 0.292217293297402
262144 20 38.5875 0.503942787758029 37.7105263157895 0.577350269189627
262144 30 37.8583333333333 0.653976440848739 37.301724137931 0.60802859414998
262144 40 37.66875 0.619601686569687 37.2628205128205 0.615518147905532
262144 50 37.3 0.310268700752533 36.984693877551 0.323272435158113
262144 100 36.9925 0.323560916469627 36.8257575757576 0.319568354084085
262144 200 37.15875 0.0615595917248771 37.0753768844221 0.0608572935496988
262144 500 36.926 0.418511648583405 36.8917835671343 0.414489064027902
262144 1000 36.6615 0.266378802960495 36.6448948948949 0.266527521034288
524288 10 67.5 0.316227766016833 66.0277777777778 0.343966215203831
524288 20 67.4875 0.259406373604555 66.75 0.301963411895764
524288 30 66.9333333333333 0.105409255338946 66.4051724137931 0.0906881255060804
524288 40 66.8125 0.103077640640452 66.448717948718 0.107773677033494
524288 50 66.61 0.285423661714764 66.3010204081633 0.287349547761815
524288 100 66.4875 0.370258918416113 66.3308080808081 0.371810027196017
524288 200 66.20875 0.236374526264289 66.1293969849246 0.237349651071753
524288 500 66.402 0.089263654417682 66.3712424849699 0.0879235916938122
524288 1000 66.111 0.201062179437108 66.0965965965966 0.200903835220546
1048576 10 113.525 0.531507290636728 112.055555555556 0.657342198122171
1048576 20 112.825 0.639661368746507 112 0.646033425948151
1048576 30 112.008333333333 0.352110041722022 111.5 0.347689274994352
1048576 40 112 0.234520787991175 111.583333333333 0.256730569160261
1048576 50 111.855 0.315964132985593 111.525510204082 0.31012127430376
1048576 100 111.68 0.140712472794707 111.520202020202 0.137635915393736
1048576 200 111.415 0.211699472523364 111.332914572864 0.212064866145992
1048576 500 111.4225 0.109743640666175 111.390781563126 0.109128004578016
1048576 1000 111.4645 0.0902496537389458 111.448198198198 0.0897088101967651
2097152 10 200.45 0.387298334620744 199 0.45360921162652
2097152 20 199.9 0.147196014438792 199.105263157895 0.154943173093472
2097152 30 199.541666666667 0.195078331845348 198.991379310345 0.167457497521084
2097152 40 199.35 0.513565964604369 198.987179487179 0.530259055358836
2097152 50 199.19 0.276405499221714 198.887755102041 0.255170058959342
2097152 100 199.025 0.262868788561891 198.873737373737 0.265524028850401
2097152 200 199.0625 0.253459398457942 198.983668341709 0.248574464860861
2097152 500 199.056 0.126438390794365 199.0250501002 0.126834341246141
2097152 1000 198.319 0.113290187865788 198.287037037037 0.102635150318253
4194304 10 367.175 0.250000000000032 365.527777777778 0.229061423645406
4194304 20 367.1375 0.286865241301 366.421052631579 0.315789473684188
4194304 30 366.825 0.144977648341079 366.336206896552 0.0862068965516983
4194304 40 366.28125 0.265655635488252 365.858974358974 0.272567841352162
4194304 50 366.41 0.441059330853953 366.09693877551 0.440039312670832
4194304 100 366.15 0.41093389573834 365.979797979798 0.405133202302228
4194304 200 366.0725 0.213248681121343 365.993718592965 0.211468646795983
4194304 500 365.357 0.0933880791821501 365.321643286573 0.093618137658798
4194304 1000 364.153 0.238124617235031 364.129379379379 0.234306054314006
