5 10 19.8833333333333 0.581090928054006 14.7777777777778 0.58794473579213
5 20 17.075 0.398434436262731 14.5614035087719 0.441185342007014
5 30 17.1888888888889 2.70346827995831 15.5229885057471 2.78525219787845
5 40 15.925 0.320156211871644 14.6837606837607 0.3217582639987
5 50 15.32 0.535761140808103 14.2925170068027 0.510394522280841
5 100 14.6216666666667 0.481805631626142 14.1144781144781 0.46922064113485
5 200 14.4175 0.603197728775565 14.1658291457286 0.601916923023993
5 500 14.352 0.416695572330688 14.2464929859719 0.411754159402416
5 1000 14.3625 0.49481339917185 14.3111444778111 0.495693195882101
10 10 19.65 0.634822809924155 14.4444444444444 0.397523195999963
10 20 17.0833333333333 0.443471156521668 14.5701754385965 0.452039596562705
10 30 16.6944444444444 0.418684005302683 14.9425287356322 0.410716532121882
10 40 15.8208333333333 0.387110018814636 14.534188034188 0.376640978219061
10 50 15.6366666666667 0.608791151928694 14.6292517006803 0.607109985962048
10 100 15.2183333333333 0.511250101874479 14.7104377104377 0.512576916236312
10 200 14.9258333333333 0.305015026952225 14.6725293132328 0.304099689182265
10 500 14.6166666666667 0.338695536827202 14.5167000668003 0.339300316810636
10 1000 14.118 0.462379497815377 14.0674007340674 0.462276813902837
20 10 19.9666666666667 0.476095228569523 14.4814814814815 0.250102859498284
20 20 17.3916666666667 0.448794682083764 14.6842105263158 0.391035276231721
20 30 16.3388888888889 0.283953569496193 14.5287356321839 0.225240436117993
20 40 15.7583333333333 0.406407020936729 14.4059829059829 0.356554726914564
20 50 15.4666666666667 0.283313724811678 14.4013605442177 0.272788267425352
20 100 15.08 0.181107702762748 14.540404040404 0.178505169394219
20 200 14.4933333333333 0.378545461822839 14.2269681742044 0.380378001096614
20 500 14.4476666666667 0.347119383882068 14.3403473613894 0.345456146425684
20 1000 14.5463333333333 0.304366664841383 14.4924924924925 0.304996315522354
30 10 20.1666666666667 0.432049379893857 14.6666666666667 0.444444444444445
30 20 17.6166666666667 0.574166061925178 14.9210526315789 0.552756878025943
30 30 16.7444444444444 0.185791599698474 14.9310344827586 0.123369267724126
30 40 17.7916666666667 3.64471077956354 16.5 3.74944221142005
30 50 15.9066666666667 0.673577513480569 14.8503401360544 0.649565473785468
30 100 15.2533333333333 0.442974792360317 14.7255892255892 0.433398863292535
30 200 15.0816666666667 0.727087798458114 14.8157453936348 0.715226797350928
30 500 14.6733333333333 0.416527870215988 14.5681362725451 0.414557044012994
30 1000 14.5156666666667 0.463853712571827 14.4626292959626 0.463199156984628
40 10 19.9166666666667 0.470814896394184 14.6666666666667 0.516397779494322
40 20 17.325 0.409572948325448 14.7105263157895 0.441289975079044
40 30 16.4333333333333 0.519401364820867 14.6551724137931 0.520221301121272
40 40 16.125 0.404969134626331 14.8333333333333 0.406957893587517
40 50 16.01 0.208134571851962 14.9625850340136 0.193357699039553
40 100 15.3366666666667 0.365276151242682 14.8215488215488 0.366579930563522
40 200 14.7483333333333 0.493808329887889 14.4849246231156 0.492018567383113
40 500 14.6906666666667 0.448718471501526 14.5851703406814 0.448799373693635
40 1000 14.9715 0.183604738500945 14.9192525859193 0.18296881801501
50 10 20.1 1.13137084989848 14.962962962963 1.22053755950252
50 20 17.525 0.762725376528145 14.8684210526316 0.712958799165477
50 30 17.9 3.63825354928555 16.2011494252874 3.76582142681097
50 40 15.7708333333333 0.467818518943689 14.4444444444444 0.427111044065013
50 50 15.64 0.458170274024843 14.5850340136054 0.435926520344659
50 100 14.9933333333333 0.565284589093553 14.459595959596 0.569673686751103
50 200 15.1433333333333 0.12675435561221 14.8793969849246 0.124314742480935
50 500 14.8306666666667 0.565001474924329 14.7257849031396 0.560978247579458
50 1000 14.5913333333333 0.392289009107656 14.5387053720387 0.392958579420913
100 10 19.7166666666667 0.661563803927232 14.462962962963 0.473581920464609
100 20 17.375 0.674351540370451 14.7543859649123 0.643455583330582
100 30 16.4555555555556 0.521820176206608 14.6954022988506 0.482963831589758
100 40 15.925 0.513322510708423 14.6153846153846 0.512050704261195
100 50 15.57 0.452680903065282 14.5272108843537 0.437595312003368
100 100 15.4766666666667 0.721960294383746 14.9175084175084 0.682021418767963
100 200 14.9 0.602262401283694 14.6256281407035 0.590684226860871
100 500 14.6943333333333 0.456035817306784 14.5848363393454 0.452383078667101
100 1000 14.7721666666667 0.3543712271992 14.7197197197197 0.354199929025761
