1024 10 30.2666666666667 0.833466656001707 22.3333333333333 0.743697801363622
1024 20 25.8083333333333 0.6822145312632 21.8157894736842 0.782601670047554
1024 30 24.7777777777778 0.838163777861175 22.1551724137931 0.773136976725356
1024 40 23.5166666666667 0.792727359605222 21.5982905982906 0.781048818058835
1024 50 23.3933333333333 0.738719613024229 21.8367346938775 0.740228585652483
1024 100 22.8216666666667 0.552862249268899 22.0185185185185 0.5679037853223
1024 200 21.8566666666667 0.673072556762395 21.463986599665 0.673334332573952
1024 500 22.582 0.234531021402288 22.4255177020708 0.234952028464454
1024 1000 21.5795 0.744742841523167 21.5016683350017 0.744510445849366
2048 10 30.1333333333333 1.08012344973464 22.2592592592593 1.22053755950252
2048 20 25.9333333333333 0.904802004123922 21.9912280701754 0.935253926836931
2048 30 24.8444444444444 0.749715995610386 22.2011494252874 0.752772652709082
2048 40 23.9083333333333 1.02514226654971 21.9273504273504 0.976033199479894
2048 50 23.7366666666667 0.801340543506111 22.1598639455782 0.768866999282083
2048 100 23.1016666666667 0.323939294724592 22.3249158249158 0.322056996153186
2048 200 22.4908333333333 1.10307033622823 22.0879396984925 1.09408768059603
2048 500 22.007 0.800903240098326 21.8490313961256 0.799119063351139
2048 1000 22.0833333333333 0.569640822507189 22.0056723390057 0.569925233161934
4096 10 29.7666666666667 0.758067719050656 21.8703703703704 0.622288356273768
4096 20 25.8583333333333 0.770984219466694 21.9122807017544 0.633913812807647
4096 30 24.5944444444444 0.609340870364279 22 0.623365877984919
4096 40 24.3708333333333 0.55394419093142 22.4444444444444 0.537279940834924
4096 50 23.6633333333333 0.221058061754523 22.0408163265306 0.231612423822222
4096 100 22.8766666666667 1.2539165309807 22.0858585858586 1.23724386042781
4096 200 21.9166666666667 1.0194246743466 21.5201005025126 1.02614861756407
4096 500 22.1703333333333 0.646238861928518 22.0080160320641 0.645116296059574
4096 1000 22.1725 0.0788638066542554 22.0925925925926 0.0786069457796041
8192 10 29.9 0.916515138991167 21.8888888888889 0.883315862860079
8192 20 25.9916666666667 0.696718498869282 21.9649122807018 0.636530299193463
8192 30 24.5888888888889 0.489292762471927 21.9022988505747 0.596628126128692
8192 40 24.2041666666667 0.105376309798107 22.2264957264957 0.100513692652765
8192 50 23.7 0.799799974993747 22.1156462585034 0.770625504324991
8192 100 22.795 0.73194945180661 22.016835016835 0.724142158554525
8192 200 22.1583333333333 0.853561167501583 21.7654941373534 0.862787388287879
8192 500 21.8533333333333 0.697735384416375 21.6980627922512 0.696369765530243
8192 1000 22.0593333333333 1.05966950822729 21.9796463129796 1.06119942941013
16384 10 30.3833333333333 1.01669398870391 22.3703703703704 1.03915128395557
16384 20 26.625 1.23844660765008 22.7368421052632 1.06414753314527
16384 30 25.1111111111111 0.53940982838929 22.4137931034483 0.542158455366443
16384 40 24.4625 0.684972627190312 22.482905982906 0.663585912616584
16384 50 24.05 0.76207611168439 22.4489795918367 0.694477531721369
16384 100 23.595 0.370769470156322 22.8080808080808 0.383199894263257
16384 200 22.6533333333333 0.839307254029575 22.2663316582915 0.835338530080392
16384 500 22.6596666666667 0.620342378583526 22.502338009352 0.622316824837354
16384 1000 22.1045 0.707394303058768 22.0223556890224 0.708261699021365
32768 10 31 0.777174369109018 23.1296296296296 0.693592069481577
32768 20 26.9583333333333 0.372043904219203 22.9649122807018 0.381956860650479
32768 30 25.4722222222222 0.720005144014546 22.867816091954 0.717180589820015
32768 40 25.2916666666667 0.598679101578356 23.3162393162393 0.620209009470555
32768 50 24.9033333333333 0.546906451476546 23.3163265306122 0.533547610710259
32768 100 23.885 0.485170073273281 23.0740740740741 0.463268341279325
32768 200 23.2591666666667 0.669876232349428 22.8626465661642 0.670380135964256
32768 500 23.2806666666667 0.180535499740817 23.1205744822979 0.182218958528085
32768 1000 23.015 0.398094461152124 22.9330997664331 0.397057828092392
65536 10 34.7 0.551361950083609 26.7962962962963 0.537100890201408
65536 20 30.9583333333333 0.435220250754336 27.0175438596491 0.384846865493228
65536 30 29.7722222222222 0.613701580273042 27.1149425287356 0.607392691663839
65536 40 29.0875 0.313348847133668 27.1282051282051 0.319434082100461
65536 50 28.7066666666667 0.707747600961434 27.1428571428571 0.694237601663521
65536 100 27.9083333333333 0.455913003397211 27.1043771043771 0.458664464702871
65536 200 27.795 0.271330057310279 27.3860971524288 0.28404038284024
65536 500 27.176 0.340416215829975 27.0160320641283 0.341898098358864
65536 1000 27.2248333333333 0.371771659310747 27.1436436436436 0.372875089848365
131072 10 39.3 0.839047078536119 31.2222222222222 0.651683479938454
131072 20 35.6 0.216794833886787 31.4473684210526 0.350306553521976
131072 30 33.9444444444444 0.489292762471927 31.2298850574713 0.460401864820724
131072 40 33.6791666666667 0.553266813270657 31.6538461538461 0.583523496758186
131072 50 33.34 0.372880677965486 31.656462585034 0.28320080035591
131072 100 32.4166666666667 0.36258332375699 31.6026936026936 0.356476462742789
131072 200 31.9308333333333 0.422580367109816 31.5284757118928 0.421756451938277
131072 500 31.435 0.433037180851714 31.2708750835003 0.431325502673955
131072 1000 31.5756666666667 0.345249281920565 31.4968301634968 0.344911692834992
262144 10 50.5 0.45166359162545 42.3888888888889 0.519971509191003
262144 20 46.6 0.861974477580397 42.640350877193 0.887223354981777
262144 30 45.0888888888889 0.468883622929883 42.4137931034483 0.414367417539305
262144 40 44.4666666666667 0.507362460837088 42.4316239316239 0.481182158852347
262144 50 44.2866666666667 0.601154444936293 42.6700680272109 0.54630128347153
262144 100 43.4283333333333 0.267837015116782 42.6228956228956 0.291544386745096
262144 200 43.0491666666667 0.367306638473446 42.6515912897822 0.364807046773894
262144 500 42.8073333333333 0.0696352401206951 42.6446225784903 0.0668349943133116
262144 1000 42.517 0.458891272525419 42.4349349349349 0.456898241680244
524288 10 76.6666666666667 0.595538971576732 68.3888888888889 0.815740215243457
524288 20 72.6833333333333 0.525039681040077 68.6315789473684 0.611070537839999
524288 30 71.3277777777778 0.723699344162161 68.6379310344827 0.662481911448486
524288 40 70.6791666666667 0.679046512888968 68.6324786324787 0.646370876589442
524288 50 70.0966666666667 0.696208780946254 68.4421768707483 0.719649443405515
524288 100 69.2466666666667 0.379244863731417 68.446127946128 0.365395110871701
524288 200 68.8208333333333 0.412242849139511 68.3961474036851 0.412481910388178
524288 500 68.3916666666667 0.472796644094121 68.2237808951236 0.470478033054358
524288 1000 68.3996666666667 0.383882620948996 68.3154821488155 0.383919793822147
1048576 10 123.05 0.476445169982865 114.777777777778 0.233068632926707
1048576 20 119.125 0.549317758678887 114.982456140351 0.543576609994017
1048576 30 117.883333333333 0.380496751336695 115.120689655172 0.360175673876397
1048576 40 116.770833333333 0.571274160685276 114.739316239316 0.600332291650936
1048576 50 116.64 0.315214212877529 115.020408163265 0.350165070849419
1048576 100 115.615 0.325561054181852 114.784511784512 0.329464333320905
1048576 200 115.086666666667 0.334688910283363 114.678391959799 0.326455305266602
1048576 500 114.944 0.053020750654813 114.782899131597 0.0521453000702419
1048576 1000 113.621833333333 0.42794925711662 113.53953953954 0.427546265124418
2097152 10 212.683333333333 0.74139508136126 204 0.51639777949433
2097152 20 208.5 0.712741187248222 204.359649122807 0.663589388999682
2097152 30 206.627777777778 0.485988873519949 203.919540229885 0.445704384024834
2097152 40 206.520833333333 0.144409718047876 204.521367521368 0.0981976520775651
2097152 50 205.53 0.651244961592792 203.91156462585 0.649180647416957
2097152 100 204.571666666667 0.623647870730487 203.754208754209 0.600094087329853
2097152 200 204.210833333333 0.469493521432047 203.810720268007 0.477177067507843
2097152 500 203.360333333333 0.0884661893983678 203.189378757515 0.0902360104402294
2097152 1000 201.270666666667 0.402968815997791 201.185852519186 0.403515245000759
4194304 10 376.9 0.586515131944618 368.611111111111 0.57413380812283
4194304 20 373.225 0.0758287544405028 369.236842105263 0.123431993679552
4194304 30 371.655555555556 0.436484270642722 368.919540229885 0.46706850939589
4194304 40 370.866666666667 0.529071513754667 368.794871794872 0.508184169921508
4194304 50 370.616666666667 0.334285307285038 368.908163265306 0.292841142988959
4194304 100 369.296666666667 0.4977415661432 368.451178451178 0.466429021071188
4194304 200 368.895833333333 0.441683333018855 368.488274706868 0.437381307543409
4194304 500 366.014333333333 0.376158300010342 365.844355377422 0.373145359819783
4194304 1000 364.721166666667 0.536005006195517 364.637137137137 0.536290992324918
