1024 10 21.9833333333333 0.688234456175122 20.6481481481481 0.690022961388098
1024 20 21.0666666666667 0.483390801181267 20.4035087719298 0.439927804032489
1024 30 21.1166666666667 0.651067499487487 20.6954022988506 0.646739436352456
1024 40 21.0125 0.291011168170569 20.6880341880342 0.276360619046577
1024 50 21.0066666666667 0.587696066574098 20.7448979591837 0.580503737933073
1024 100 21.0683333333333 0.557545214907874 20.9360269360269 0.55298456216602
1024 200 20.7883333333333 0.338270109035173 20.7185929648241 0.334010238349426
1024 500 20.4766666666667 0.599461981001853 20.4498997995992 0.600620626993218
1024 1000 20.678 0.842961683589474 20.6626626626627 0.844835593837078
2048 10 22.1 0.965401470891774 20.7777777777778 0.760116950066093
2048 20 21.2583333333333 0.453229154696238 20.6315789473684 0.476599217796705
2048 30 20.9888888888889 0.496953682915182 20.5804597701149 0.504635664793453
2048 40 21.4916666666667 1.30486270031244 21.1794871794872 1.28900677327098
2048 50 21.1766666666667 0.238467328300265 20.9285714285714 0.239654756540241
2048 100 20.4916666666667 0.553729777659342 20.3670033670034 0.554164159052825
2048 200 20.4791666666667 0.532338394883054 20.4154103852596 0.532214342561614
2048 500 20.7993333333333 0.58419266228417 20.7738810955244 0.584176299944234
2048 1000 20.7031666666667 0.401023399151055 20.691024357691 0.401102820644099
4096 10 22.15 0.859651092013498 20.7407407407407 0.712036435004321
4096 20 21.4416666666667 0.715134020073626 20.7982456140351 0.687374600332237
4096 30 21.2166666666667 0.389729250748375 20.7931034482759 0.393768342720555
4096 40 20.975 0.403732584763728 20.6623931623932 0.397697735639417
4096 50 20.77 0.529716905525961 20.5170068027211 0.523288016742135
4096 100 20.5216666666667 0.526171708348773 20.3956228956229 0.527981128160246
4096 200 20.5475 0.506939345484251 20.4815745393635 0.506580685554295
4096 500 20.2863333333333 0.493959377547047 20.2615230460922 0.493361783862212
4096 1000 20.588 0.68926076342702 20.5757424090757 0.6890704812316
8192 10 22.3333333333333 0.804155872120988 21.0185185185185 0.721509619954747
8192 20 21.4833333333333 0.462240918425303 20.8421052631579 0.422366371531345
8192 30 20.7444444444444 0.391956157790166 20.3103448275862 0.370749794640431
8192 40 20.7875 0.503425764140057 20.465811965812 0.490117099256906
8192 50 20.65 0.555085578987601 20.3877551020408 0.533118101787943
8192 100 20.36 0.356931365951494 20.2239057239057 0.348706804834448
8192 200 20.5641666666667 0.619648421822139 20.499162479062 0.623841906610148
8192 500 20.453 0.439914082520666 20.4241816967268 0.440432758547561
8192 1000 20.3313333333333 0.50213490883095 20.317984651318 0.502541849739735
16384 10 21.85 0.781664889834512 20.5185185185185 0.745907903714022
16384 20 21.3 0.638748776906853 20.6491228070175 0.633913812807646
16384 30 21.0666666666667 0.63210407019379 20.6264367816092 0.640457872281433
16384 40 21.075 0.702851335632224 20.7136752136752 0.725856933842165
16384 50 20.9066666666667 0.705143011499559 20.6428571428571 0.703030863359131
16384 100 20.59 0.659787844689489 20.4612794612795 0.655855611916173
16384 200 20.3825 0.534300945161058 20.3182579564489 0.529235835997006
16384 500 20.5046666666667 0.6299303665221 20.4782899131597 0.629131711393527
16384 1000 20.7596666666667 0.543892146171157 20.7470804137471 0.543674106568851
32768 10 22.8 0.189736659610102 21.4814814814815 0.229510124219699
32768 20 21.9166666666667 0.573294572333164 21.2543859649123 0.534065748249567
32768 30 21.7277777777778 0.183080633925379 21.264367816092 0.204196947045541
32768 40 21.875 0.308625987240219 21.5299145299145 0.308829806239623
32768 50 22.0233333333333 0.601786230040757 21.7244897959184 0.540064938172006
32768 100 21.3766666666667 0.481317635939787 21.2424242424242 0.498953092332463
32768 200 21.3333333333333 0.413916255620225 21.2671691792295 0.416878518232628
32768 500 21.3333333333333 0.433428502369961 21.3069472277889 0.433478406808489
32768 1000 21.2131666666667 0.396919849171929 21.2000333667 0.396978075288288
65536 10 25.8666666666667 0.355902608401045 24.5185185185185 0.395447342667828
65536 20 25.5166666666667 0.666083077901448 24.8157894736842 0.635731959754848
65536 30 25.0777777777778 0.234441811464942 24.6436781609195 0.223118814869902
65536 40 24.8208333333333 0.440288731023934 24.4957264957265 0.447556494413198
65536 50 24.9466666666667 0.143480544558021 24.6768707482993 0.126079952332317
65536 100 24.6233333333333 0.251608160969925 24.489898989899 0.252626242432318
65536 200 24.7291666666667 0.380964784024282 24.6641541038526 0.378554646357629
65536 500 24.8456666666667 0.39509070688472 24.8169672678691 0.394441861186875
65536 1000 24.5998333333333 0.379996535071922 24.5864197530864 0.378757624194021
131072 10 29.4333333333333 0.524086506854226 28.4074074074074 0.464368237589854
131072 20 29.0833333333333 0.263944438597723 28.5438596491228 0.254960029818737
131072 30 28.75 0.433461519501892 28.3793103448276 0.403904840395761
131072 40 28.8333333333333 0.191485421551266 28.542735042735 0.178691766221508
131072 50 28.64 0.206300751331641 28.4251700680272 0.20788964276259
131072 100 28.525 0.393890847824622 28.4208754208754 0.387734962111301
131072 200 28.4416666666667 0.247924719757162 28.3886097152429 0.248460153412593
131072 500 28.3836666666667 0.216001543204364 28.3620574482298 0.215304214688189
131072 1000 28.4901666666667 0.114864122626112 28.4784784784785 0.115392450011349
262144 10 39.4166666666667 0.263944438597723 38.3703703703704 0.286887655274625
262144 20 39.2333333333333 0.388158043413589 38.7368421052632 0.396661972240353
262144 30 38.6611111111111 0.16250356121454 38.3218390804598 0.152141536623213
262144 40 38.7416666666667 0.234875853732701 38.474358974359 0.235981033124995
262144 50 38.56 0.294482597108896 38.3469387755102 0.292342931909715
262144 100 38.24 0.135203550249241 38.1363636363636 0.135180048625426
262144 200 38.3166666666667 0.240804208158139 38.2663316582915 0.240430075167235
262144 500 38.3533333333333 0.164806148752609 38.3326653306613 0.165778830227882
262144 1000 38.4098333333333 0.0989715447321432 38.3993993993994 0.0992153088557699
524288 10 65.6 0.485798312059651 64.3703703703704 0.480054866548729
524288 20 65.075 0.448051336344392 64.4824561403509 0.43835080838251
524288 30 64.9222222222222 0.317396819046346 64.5344827586207 0.32329310298853
524288 40 64.8541666666667 0.395416447137282 64.5641025641026 0.421948767809727
524288 50 64.7433333333333 0.174088100301727 64.4897959183673 0.197864483976182
524288 100 64.515 0.196137706726677 64.3989898989899 0.195318121156741
524288 200 64.3591666666667 0.144305809538861 64.2989949748744 0.144938073937231
524288 500 64.474 0.234684469021706 64.4478957915832 0.235873531252853
524288 1000 62.827 0.818188242399018 62.814981648315 0.817666101655439
1048576 10 109.833333333333 0.307679486912381 108.666666666667 0.289742329120117
1048576 20 109.85 1.06770782520312 109.30701754386 1.07626967687434
1048576 30 111.7 0.412040990409663 111.32183908046 0.424945497892556
1048576 40 111.370833333333 0.307984036382842 111.081196581197 0.309148973604596
1048576 50 111.346666666667 0.222949919638164 111.105442176871 0.215754602710734
1048576 100 111.31 0.255577776811677 111.195286195286 0.253345469290829
1048576 200 111.243333333333 0.221012820140979 111.185092127303 0.221000812724598
1048576 500 109.120333333333 1.04997250757659 109.098196392786 1.0500328880505
1048576 1000 108.7455 0.24042774382338 108.734067400734 0.240739110553407
2097152 10 193.6 0.275680975041809 192.407407407407 0.319464572634776
2097152 20 193 0.141421356237314 192.40350877193 0.108715321998811
2097152 30 192.827777777778 0.369032769798556 192.436781609195 0.369893558405851
2097152 40 192.745833333333 0.160013020303545 192.470085470085 0.156948771707877
2097152 50 192.74 0.324715259881633 192.506802721088 0.318894557369648
2097152 100 192.46 0.158492902049272 192.346801346801 0.163082572906573
2097152 200 192.45 0.125737822471995 192.394472361809 0.125999451271273
2097152 500 192.327333333333 0.216823122998136 192.305611222445 0.217106315126154
2097152 1000 192.347833333333 0.151903148968899 192.336503169837 0.152309355418573
4194304 10 361.416666666667 0.503653319920228 360.185185185185 0.425523159002827
4194304 20 361.066666666667 0.191485421551266 360.491228070175 0.187317162316319
4194304 30 360.622222222222 0.288803406156185 360.224137931034 0.311301208366684
4194304 40 360.716666666667 0.164823137534356 360.401709401709 0.167486478139016
4194304 50 360.593333333333 0.288074064550523 360.360544217687 0.270642306535613
4194304 100 360.316666666667 0.293371209675836 360.195286195286 0.288943038413583
4194304 200 360.435833333333 0.22005491738808 360.375209380235 0.222055216433044
4194304 500 360.237 0.171369775631505 360.214094856379 0.171412010804826
4194304 1000 360.574166666667 0.426104408175569 360.562228895562 0.425735348061734
